Stack now 0 1
Stack now 0 1 4
Stack now 0 1 4 6 7
Stack now 0 1 4 6 7
Stack now 0 1 4 6 7 8 11
Stack now 0 1 4 6 7
Stack now 0 1 4 6 7 8 10 12
Stack now 0 1 4 6 7 8 10 12 16
Stack now 0 1 4 6 7 8 10 12 16 21 24
Stack now 0 1 4 6 7 8 10 12 16 21 24
Stack now 0 1 4 6 7 8 10 12 16 21 24 25 11
Stack now 0 1 4 6 7 8 10 12 16 21 24
Stack now 0 1 4 6 7 8 10 12 16 21 24 25 30
Stack now 0 1 4 6 7 8 10 12 16 21 24
Stack now 0 1 4 6 7 8 10 12 16 21
Stack now 0 1 4 6 7 8 10 12 16 21 26
Stack now 0 1 4 6 7 8 10 12 16 21 26 31 37
Stack now 0 1 4 6 7 8 10 12 16 21 26 31 37 45
Stack now 0 1 4 6 7 8 10 12 16 21 26 31 37 45 52 50
Stack now 0 1 4 6 7 8 10 12 16 21 26 31 37 45 52 50 57
Stack now 0 1 4 6 7 8 10 12 16 21 26 31 37 45 52 50 57
Stack now 0 1 4 6 7 8 10 12 16 21 26 31 37 45 52 50 57 80 106
Stack now 0 1 4 6 7 8 10 12 16 21 26 31 37 45 52 50 57
Stack now 0 1 4 6 7 8 10 12 16 21 26 31 37 45 52 50 57 81
Stack now 0 1 4 6 7 8 10 12 16 21 26 31 37 45 52
Stack now 0 1 4 6 7 8 10 12 16 21 26 31 37 45 52 59 83
Stack now 0 1 4 6 7 8 10 12 16 21 26 31 37 45 52 59 83 16
Stack now 0 1 4 6 7 8 10 12 16 21 26 31 37 45 52 59 83 16 21 24
Stack now 0 1 4 6 7 8 10 12 16 21 26 31 37 45 52 59 83 16 21 24
Stack now 0 1 4 6 7 8 10 12 16 21 26 31 37 45 52 59 83 16 21 24 25 30
Stack now 0 1 4 6 7 8 10 12 16 21 26 31 37 45 52 59 83 16 21 24
Stack now 0 1 4 6 7 8 10 12 16 21 26 31 37 45 52 59 83 16 21
Stack now 0 1 4 6 7 8 10 12 16 21 26 31 37 45 52 59 83 16 21 26
Stack now 0 1 4 6 7 8 10 12 16 21 26 31 37 45 52 59 83 16 21 26 31
Stack now 0 1 4 6 7 8 10 12 16 21 26 31 37 45 52 59 83 16 21 26 31 38 46
Stack now 0 1 4 6 7 8 10 12 16 21 26 31 37 45 52 59 83 16 21 26 31 38 46 54
Stack now 0 1 4 6 7 8 10 12 16 21 26 31 37 45 52 59 83 16 21 26 31 38 46 54
Stack now 0 1 4 6 7 8 10 12 16 21 26 31 37 45 52 59 83 16 21 26 31 38 46 54 76
Stack now 0 1 4 6 7 8 10 12 16 21 26 31 37 45 52 59 83 16 21 26 31 38 46 54 76 102 136
Stack now 0 1 4 6 7 8 10 12 16 21 26 31 37 45 52 59 83 16 21 26 31 38 46 54 76 102 136
Stack now 0 1 4 6 7 8 10 12 16 21 26 31 37 45 52 59 83 16 21 26 31 38 46 54 76 102 136 91 128
Stack now 0 1 4 6 7 8 10 12 16 21 26 31 37 45 52 59 83 16 21 26 31 38 46 54 76 102 136 91 128
Stack now 0 1 4 6 7 8 10 12 16 21 26 31 37 45 52 59 83 16 21 26 31 38 46 54 76 102 136 91 128
Stack now 0 1 4 6 7 8 10 12 16 21 26 31 37 45 52 59 83 16 21 26 31 38 46 54 76 102 136 91
Stack now 0 1 4 6 7 8 10 12 16 21 26 31 37 45 52 59 83 16 21 26 31 38 46 54 76 102 136
Stack now 0 1 4 6 7 8 10 12 16 21 26 31 37 45 52 59 83 16 21 26 31 38 46 54 76 102 136
Stack now 0 1 4 6 7 8 10 12 16 21 26 31 37 45 52 59 83 16 21 26 31 38 46 54 76 102 136
Stack now 0 1 4 6 7 8 10 12 16 21 26 31 37 45 52 59 83 16 21 26 31 38 46 54
Stack now 0 1 4 6 7 8 10 12 16 21 26 31 37 45 52 59 83 16 21 26 31 38 46 54
Stack now 0 1 4 6 7 8 10 12 16 21 26 31 37 45 52 59 83 16 21 26 31 38 46 54
Stack now 0 1 4 6 7 8 10 12 16 21 26 31 37 45 52 59 83 16 21 26 31 38 46 54
Stack now 0 1 4 6 7 8 10 12 16 21 26 31 37 45 52 59 83 16 21 26 31 38 46 54 64 99
Stack now 0 1 4 6 7 8 10 12 16 21 26 31 37 45 52 59 83 16 21 26 31 38 46 54 64 99
Stack now 0 1 4 6 7 8 10 12 16 21 26 31 37 45 52 59 83 16 21 26 31 38 46 54 64 99 76
Stack now 0 1 4 6 7 8 10 12 16 21 26 31 37 45 52 59 83 16 21 26 31 38 46 54 64 99 76 102 136
Stack now 0 1 4 6 7 8 10 12 16 21 26 31 37 45 52 59 83 16 21 26 31 38 46 54 64 99 76 102 136
Stack now 0 1 4 6 7 8 10 12 16 21 26 31 37 45 52 59 83 16 21 26 31 38 46 54 64 99 76 102 136 91 128
Stack now 0 1 4 6 7 8 10 12 16 21 26 31 37 45 52 59 83 16 21 26 31 38 46 54 64 99 76 102 136 91 128
Stack now 0 1 4 6 7 8 10 12 16 21 26 31 37 45 52 59 83 16 21 26 31 38 46 54 64 99 76 102 136 91 128
Stack now 0 1 4 6 7 8 10 12 16 21 26 31 37 45 52 59 83 16 21 26 31 38 46 54 64 99 76 102 136 91
Stack now 0 1 4 6 7 8 10 12 16 21 26 31 37 45 52 59 83 16 21 26 31 38 46 54 64 99 76 102 136
Stack now 0 1 4 6 7 8 10 12 16 21 26 31 37 45 52 59 83 16 21 26 31 38 46 54 64 99 76 102 136
Stack now 0 1 4 6 7 8 10 12 16 21 26 31 37 45 52 59 83 16 21 26 31 38 46 54 64 99 76 102 136
Stack now 0 1 4 6 7 8 10 12 16 21 26 31 37 45 52 59 83 16 21 26 31 38 46 54 64 99
Stack now 0 1 4 6 7 8 10 12 16 21 26 31 37 45 52 59 83 16 21 26 31 38 46 54 64 99
Stack now 0 1 4 6 7 8 10 12 16 21 26 31 37 45 52 59 83 16 21 26 31 38 46 54 64 99
Stack now 0 1 4 6 7 8 10 12 16 21 26 31 37 45 52 59 83 16 21 26 31 38 46 54
Stack now 0 1 4 6 7 8 10 12 16 21 26 31 37 45 52 59 83 16 21 26 31 38 46 54 64 99
Stack now 0 1 4 6 7 8 10 12 16 21 26 31 37 45 52 59 83 16 21 26 31 38 46 54 64 99
Stack now 0 1 4 6 7 8 10 12 16 21 26 31 37 45 52 59 83 16 21 26 31 38 46 54 64 99 76
Stack now 0 1 4 6 7 8 10 12 16 21 26 31 37 45 52 59 83 16 21 26 31 38 46 54 64 99 76 102 136
Stack now 0 1 4 6 7 8 10 12 16 21 26 31 37 45 52 59 83 16 21 26 31 38 46 54 64 99 76 102 136
Stack now 0 1 4 6 7 8 10 12 16 21 26 31 37 45 52 59 83 16 21 26 31 38 46 54 64 99 76 102 136
Stack now 0 1 4 6 7 8 10 12 16 21 26 31 37 45 52 59 83 16 21 26 31 38 46 54 64 99 76 102 136
Stack now 0 1 4 6 7 8 10 12 16 21 26 31 37 45 52 59 83 16 21 26 31 38 46 54 64 99 76 102 136 90 124
Stack now 0 1 4 6 7 8 10 12 16 21 26 31 37 45 52 59 83 16 21 26 31 38 46 54 64 99 76 102 136 90 124
Stack now 0 1 4 6 7 8 10 12 16 21 26 31 37 45 52 59 83 16 21 26 31 38 46 54 64 99 76 102 136 90 124
Stack now 0 1 4 6 7 8 10 12 16 21 26 31 37 45 52 59 83 16 21 26 31 38 46 54 64 99 76 102 136 90
Stack now 0 1 4 6 7 8 10 12 16 21 26 31 37 45 52 59 83 16 21 26 31 38 46 54 64 99 76 102 136
Stack now 0 1 4 6 7 8 10 12 16 21 26 31 37 45 52 59 83 16 21 26 31 38 46 54 64 99 76 102 136
Stack now 0 1 4 6 7 8 10 12 16 21 26 31 37 45 52 59 83 16 21 26 31 38 46 54 64 99
Stack now 0 1 4 6 7 8 10 12 16 21 26 31 37 45 52 59 83 16 21 26 31 38 46 54 64 99
Stack now 0 1 4 6 7 8 10 12 16 21 26 31 37 45 52 59 83 16 21 26 31 38 46 54 64 99
Stack now 0 1 4 6 7 8 10 12 16 21 26 31 37 45 52 59 83 16 21 26 31 38 46 54
Stack now 0 1 4 6 7 8 10 12 16 21 26 31 37 45 52 59 83 16 21 26 31 38
Stack now 0 1 4 6 7 8 10 12 16 21 26 31 37 45 52 59 83
Stack now 0 1 4 6 7 8 10 12 16 21 26 31
Stack now 0 1 4 6 7 8 10 12 16 21 26 31
Stack now 0 1 4 6 7 8 10 12 16 21 26 31
Stack now 0 1 4 6 7 8 10 12 16 21 26 31
Stack now 0 1 4 6 7 8 10 12 16 21 26 31 38 46
Stack now 0 1 4 6 7 8 10 12 16 21 26 31 38 46 54
Stack now 0 1 4 6 7 8 10 12 16 21 26 31 38 46 54
Stack now 0 1 4 6 7 8 10 12 16 21 26 31 38 46 54 76
Stack now 0 1 4 6 7 8 10 12 16 21 26 31 38 46 54 76 102 136
Stack now 0 1 4 6 7 8 10 12 16 21 26 31 38 46 54 76 102 136
Stack now 0 1 4 6 7 8 10 12 16 21 26 31 38 46 54 76 102 136
Stack now 0 1 4 6 7 8 10 12 16 21 26 31 38 46 54 76 102 136
Stack now 0 1 4 6 7 8 10 12 16 21 26 31 38 46 54 76 102 136
Stack now 0 1 4 6 7 8 10 12 16 21 26 31 38 46 54
Stack now 0 1 4 6 7 8 10 12 16 21 26 31 38 46 54
Stack now 0 1 4 6 7 8 10 12 16 21 26 31 38 46 54
Stack now 0 1 4 6 7 8 10 12 16 21 26 31 38 46 54
Stack now 0 1 4 6 7 8 10 12 16 21 26 31 38 46 54 64 99
Stack now 0 1 4 6 7 8 10 12 16 21 26 31 38 46 54 64 99
Stack now 0 1 4 6 7 8 10 12 16 21 26 31 38 46 54 64 99 76
Stack now 0 1 4 6 7 8 10 12 16 21 26 31 38 46 54 64 99 76 102 136
Stack now 0 1 4 6 7 8 10 12 16 21 26 31 38 46 54 64 99 76 102 136
Stack now 0 1 4 6 7 8 10 12 16 21 26 31 38 46 54 64 99 76 102 136
Stack now 0 1 4 6 7 8 10 12 16 21 26 31 38 46 54 64 99 76 102 136
Stack now 0 1 4 6 7 8 10 12 16 21 26 31 38 46 54 64 99 76 102 136
Stack now 0 1 4 6 7 8 10 12 16 21 26 31 38 46 54 64 99
Stack now 0 1 4 6 7 8 10 12 16 21 26 31 38 46 54 64 99
Stack now 0 1 4 6 7 8 10 12 16 21 26 31 38 46 54 64 99
Stack now 0 1 4 6 7 8 10 12 16 21 26 31 38 46 54
Stack now 0 1 4 6 7 8 10 12 16 21 26 31 38 46 54 64 99
Stack now 0 1 4 6 7 8 10 12 16 21 26 31 38 46 54 64 99 78 104
Stack now 0 1 4 6 7 8 10 12 16 21 26 31 38 46 54 64 99 78 104
Stack now 0 1 4 6 7 8 10 12 16 21 26 31 38 46 54 64 99 78 104
Stack now 0 1 4 6 7 8 10 12 16 21 26 31 38 46 54 64 99 78 104
Stack now 0 1 4 6 7 8 10 12 16 21 26 31 38 46 54 64 99 78 104
Stack now 0 1 4 6 7 8 10 12 16 21 26 31 38 46 54 64 99 78 104
Stack now 0 1 4 6 7 8 10 12 16 21 26 31 38 46 54 64 99 78 104
Stack now 0 1 4 6 7 8 10 12 16 21 26 31 38 46 54 64 99
Stack now 0 1 4 6 7 8 10 12 16 21 26 31 38 46 54 64 99
Stack now 0 1 4 6 7 8 10 12 16 21 26 31 38 46 54 64 99
Stack now 0 1 4 6 7 8 10 12 16 21 26 31 38 46 54
Stack now 0 1 4 6 7 8 10 12 16 21 26 31 38 46 54 64 99
Stack now 0 1 4 6 7 8 10 12 16 21 26 31 38 46 54 64 99 72 101 135
Stack now 0 1 4 6 7 8 10 12 16 21 26 31 38 46 54 64 99 72 101 135
Stack now 0 1 4 6 7 8 10 12 16 21 26 31 38 46 54 64 99 72 101 135
Stack now 0 1 4 6 7 8 10 12 16 21 26 31 38 46 54 64 99 72 101 135
Stack now 0 1 4 6 7 8 10 12 16 21 26 31 38 46 54 64 99 72 101 135
Stack now 0 1 4 6 7 8 10 12 16 21 26 31 38 46 54 64 99 72 101 135
Stack now 0 1 4 6 7 8 10 12 16 21 26 31 38 46 54 64 99 72 101 135
Stack now 0 1 4 6 7 8 10 12 16 21 26 31 38 46 54 64 99 72 101 135 166 169
Stack now 0 1 4 6 7 8 10 12 16 21 26 31 38 46 54 64 99 72 101 135 166 169
Stack now 0 1 4 6 7 8 10 12 16 21 26 31 38 46 54 64 99 72 101 135 166 169
Stack now 0 1 4 6 7 8 10 12 16 21 26 31 38 46 54 64 99 72 101 135 166 169
Stack now 0 1 4 6 7 8 10 12 16 21 26 31 38 46 54 64 99 72 101 135 166 169
Stack now 0 1 4 6 7 8 10 12 16 21 26 31 38 46 54 64 99 72 101 135 166 169
Stack now 0 1 4 6 7 8 10 12 16 21 26 31 38 46 54 64 99 72 101 135
Stack now 0 1 4 6 7 8 10 12 16 21 26 31 38 46 54 64 99
Stack now 0 1 4 6 7 8 10 12 16 21 26 31 38 46 54 64 99
Stack now 0 1 4 6 7 8 10 12 16 21 26 31 38 46 54 64 99
Stack now 0 1 4 6 7 8 10 12 16 21 26 31 38 46 54
Stack now 0 1 4 6 7 8 10 12 16 21 26 31 38 46 54 64 99
Stack now 0 1 4 6 7 8 10 12 16 21 26 31 38 46 54 64 99 78 104
Stack now 0 1 4 6 7 8 10 12 16 21 26 31 38 46 54 64 99 78 104
Stack now 0 1 4 6 7 8 10 12 16 21 26 31 38 46 54 64 99 78 104
Stack now 0 1 4 6 7 8 10 12 16 21 26 31 38 46 54 64 99 78 104
Stack now 0 1 4 6 7 8 10 12 16 21 26 31 38 46 54 64 99 78 104
Stack now 0 1 4 6 7 8 10 12 16 21 26 31 38 46 54 64 99 78 104
Stack now 0 1 4 6 7 8 10 12 16 21 26 31 38 46 54 64 99 78 104
Stack now 0 1 4 6 7 8 10 12 16 21 26 31 38 46 54 64 99
Stack now 0 1 4 6 7 8 10 12 16 21 26 31 38 46 54 64 99
Stack now 0 1 4 6 7 8 10 12 16 21 26 31 38 46 54 64 99
Stack now 0 1 4 6 7 8 10 12 16 21 26 31 38 46 54
Stack now 0 1 4 6 7 8 10 12 16 21 26 31 38 46 54 64 99
Stack now 0 1 4 6 7 8 10 12 16 21 26 31 38 46 54 64 99 72 101 135
Stack now 0 1 4 6 7 8 10 12 16 21 26 31 38 46 54 64 99 72 101 135
Stack now 0 1 4 6 7 8 10 12 16 21 26 31 38 46 54 64 99 72 101 135
Stack now 0 1 4 6 7 8 10 12 16 21 26 31 38 46 54 64 99 72 101 135
Stack now 0 1 4 6 7 8 10 12 16 21 26 31 38 46 54 64 99 72 101 135
Stack now 0 1 4 6 7 8 10 12 16 21 26 31 38 46 54 64 99 72 101 135
Stack now 0 1 4 6 7 8 10 12 16 21 26 31 38 46 54 64 99 72 101 135
Stack now 0 1 4 6 7 8 10 12 16 21 26 31 38 46 54 64 99 72 101 135 166 169
Stack now 0 1 4 6 7 8 10 12 16 21 26 31 38 46 54 64 99 72 101 135 166 169
Stack now 0 1 4 6 7 8 10 12 16 21 26 31 38 46 54 64 99 72 101 135 166 169
Stack now 0 1 4 6 7 8 10 12 16 21 26 31 38 46 54 64 99 72 101 135 166 169
Stack now 0 1 4 6 7 8 10 12 16 21 26 31 38 46 54 64 99 72 101 135 166 169
Stack now 0 1 4 6 7 8 10 12 16 21 26 31 38 46 54 64 99 72 101 135 166 169
Stack now 0 1 4 6 7 8 10 12 16 21 26 31 38 46 54 64 99 72 101 135
Stack now 0 1 4 6 7 8 10 12 16 21 26 31 38 46 54 64 99
Stack now 0 1 4 6 7 8 10 12 16 21 26 31 38 46 54 64 99
Stack now 0 1 4 6 7 8 10 12 16 21 26 31 38 46 54 64 99
Stack now 0 1 4 6 7 8 10 12 16 21 26 31 38 46 54
Stack now 0 1 4 6 7 8 10 12 16 21 26 31 38 46 54 64 99
Stack now 0 1 4 6 7 8 10 12 16 21 26 31 38 46 54 64 99 78 104
Stack now 0 1 4 6 7 8 10 12 16 21 26 31 38 46 54 64 99 78 104
Stack now 0 1 4 6 7 8 10 12 16 21 26 31 38 46 54 64 99 78 104
Stack now 0 1 4 6 7 8 10 12 16 21 26 31 38 46 54 64 99 78 104
Stack now 0 1 4 6 7 8 10 12 16 21 26 31 38 46 54 64 99 78 104 90 124
Stack now 0 1 4 6 7 8 10 12 16 21 26 31 38 46 54 64 99 78 104 90 124
Stack now 0 1 4 6 7 8 10 12 16 21 26 31 38 46 54 64 99 78 104 90 124
Stack now 0 1 4 6 7 8 10 12 16 21 26 31 38 46 54 64 99 78 104 90 124
Stack now 0 1 4 6 7 8 10 12 16 21 26 31 38 46 54 64 99 78 104 90
Stack now 0 1 4 6 7 8 10 12 16 21 26 31 38 46 54 64 99 78 104
Stack now 0 1 4 6 7 8 10 12 16 21 26 31 38 46 54 64 99 78 104
Stack now 0 1 4 6 7 8 10 12 16 21 26 31 38 46 54 64 99 78 104
Stack now 0 1 4 6 7 8 10 12 16 21 26 31 38 46 54 64 99
Stack now 0 1 4 6 7 8 10 12 16 21 26 31 38 46 54 64 99
Stack now 0 1 4 6 7 8 10 12 16 21 26 31 38 46 54 64 99
Stack now 0 1 4 6 7 8 10 12 16 21 26 31 38 46 54
Stack now 0 1 4 6 7 8 10 12 16 21 26 31 38 46 54 64 99
Stack now 0 1 4 6 7 8 10 12 16 21 26 31 38 46 54 64 99 72 101 135
Stack now 0 1 4 6 7 8 10 12 16 21 26 31 38 46 54 64 99 72 101 135
Stack now 0 1 4 6 7 8 10 12 16 21 26 31 38 46 54 64 99 72 101 135
Stack now 0 1 4 6 7 8 10 12 16 21 26 31 38 46 54 64 99 72 101 135
Stack now 0 1 4 6 7 8 10 12 16 21 26 31 38 46 54 64 99 72 101 135
Stack now 0 1 4 6 7 8 10 12 16 21 26 31 38 46 54 64 99 72 101 135
Stack now 0 1 4 6 7 8 10 12 16 21 26 31 38 46 54 64 99 72 101 135
Stack now 0 1 4 6 7 8 10 12 16 21 26 31 38 46 54 64 99 72 101 135 166 169
Stack now 0 1 4 6 7 8 10 12 16 21 26 31 38 46 54 64 99 72 101 135 166 169
Stack now 0 1 4 6 7 8 10 12 16 21 26 31 38 46 54 64 99 72 101 135 166 169
Stack now 0 1 4 6 7 8 10 12 16 21 26 31 38 46 54 64 99 72 101 135 166 169
Stack now 0 1 4 6 7 8 10 12 16 21 26 31 38 46 54 64 99 72 101 135 166 169
Stack now 0 1 4 6 7 8 10 12 16 21 26 31 38 46 54 64 99 72 101 135 166 169
Stack now 0 1 4 6 7 8 10 12 16 21 26 31 38 46 54 64 99 72 101 135
Stack now 0 1 4 6 7 8 10 12 16 21 26 31 38 46 54 64 99
Stack now 0 1 4 6 7 8 10 12 16 21 26 31 38 46 54 64 99
Stack now 0 1 4 6 7 8 10 12 16 21 26 31 38 46 54 64 99
Stack now 0 1 4 6 7 8 10 12 16 21 26 31 38 46 54
Stack now 0 1 4 6 7 8 10 12 16 21 26 31 38 46 54 64 99
Stack now 0 1 4 6 7 8 10 12 16 21 26 31 38 46 54 64 99 78 104
Stack now 0 1 4 6 7 8 10 12 16 21 26 31 38 46 54 64 99 78 104
Stack now 0 1 4 6 7 8 10 12 16 21 26 31 38 46 54 64 99 78 104
Stack now 0 1 4 6 7 8 10 12 16 21 26 31 38 46 54 64 99 78 104
Stack now 0 1 4 6 7 8 10 12 16 21 26 31 38 46 54 64 99 78 104
Stack now 0 1 4 6 7 8 10 12 16 21 26 31 38 46 54 64 99 78 104
Stack now 0 1 4 6 7 8 10 12 16 21 26 31 38 46 54 64 99
Stack now 0 1 4 6 7 8 10 12 16 21 26 31 38 46 54 64 99
Stack now 0 1 4 6 7 8 10 12 16 21 26 31 38 46 54 64 99
Stack now 0 1 4 6 7 8 10 12 16 21 26 31 38 46 54
Stack now 0 1 4 6 7 8 10 12 16 21 26 31 38 46 54 64 99
Stack now 0 1 4 6 7 8 10 12 16 21 26 31 38 46 54 64 99 72 101 135
Stack now 0 1 4 6 7 8 10 12 16 21 26 31 38 46 54 64 99 72 101 135
Stack now 0 1 4 6 7 8 10 12 16 21 26 31 38 46 54 64 99 72 101 135
Stack now 0 1 4 6 7 8 10 12 16 21 26 31 38 46 54 64 99 72 101 135
Stack now 0 1 4 6 7 8 10 12 16 21 26 31 38 46 54 64 99 72 101 135
Stack now 0 1 4 6 7 8 10 12 16 21 26 31 38 46 54 64 99 72 101 135
Stack now 0 1 4 6 7 8 10 12 16 21 26 31 38 46 54 64 99 72 101 135
Stack now 0 1 4 6 7 8 10 12 16 21 26 31 38 46 54 64 99 72 101 135 166 169
Stack now 0 1 4 6 7 8 10 12 16 21 26 31 38 46 54 64 99 72 101 135 166 169
Stack now 0 1 4 6 7 8 10 12 16 21 26 31 38 46 54 64 99 72 101 135 166 169
Stack now 0 1 4 6 7 8 10 12 16 21 26 31 38 46 54 64 99 72 101 135 166 169
Stack now 0 1 4 6 7 8 10 12 16 21 26 31 38 46 54 64 99 72 101 135 166 169
Stack now 0 1 4 6 7 8 10 12 16 21 26 31 38 46 54 64 99 72 101 135 166 169
Stack now 0 1 4 6 7 8 10 12 16 21 26 31 38 46 54 64 99 72 101 135
Stack now 0 1 4 6 7 8 10 12 16 21 26 31 38 46 54 64 99
Stack now 0 1 4 6 7 8 10 12 16 21 26 31 38 46 54 64 99
Stack now 0 1 4 6 7 8 10 12 16 21 26 31 38 46 54 64 99
Stack now 0 1 4 6 7 8 10 12 16 21 26 31 38 46 54
Stack now 0 1 4 6 7 8 10 12 16 21 26 31 38
Stack now 0 1 4 6 7 8 10 12
Stack now 0
Stack now 0 2 5
