Stack now 0 1
Stack now 0 1 4
Stack now 0 1 4 6 7
Stack now 0 1 4 6 7
Stack now 0 1 4 6 7 8 11
Stack now 0 1 4 6 7
Stack now 0 1 4 6 7 8 10 12
Stack now 0 1 4 6 7 8 10 12 16
Stack now 0 1 4 6 7 8 10 12 16 21 24
Stack now 0 1 4 6 7 8 10 12 16 21 24
Stack now 0 1 4 6 7 8 10 12 16 21 24 25 11
Stack now 0 1 4 6 7 8 10 12 16 21 24
Stack now 0 1 4 6 7 8 10 12 16 21 24 25 30
Stack now 0 1 4 6 7 8 10 12 16 21 24
Stack now 0 1 4 6 7 8 10 12 16 21
Stack now 0 1 4 6 7 8 10 12 16 21 26
Stack now 0 1 4 6 7 8 10 12 16 21 26 31 37
Stack now 0 1 4 6 7 8 10 12 16 21 26 31 37 45
Stack now 0 1 4 6 7 8 10 12 16 21 26 31 37 45 51
Stack now 0 1 4 6 7 8 10 12 16 21 26 31 37 45 51 57 77
Stack now 0 1 4 6 7 8 10 12 16 21 26 31 37 45 51 57 77 90
Stack now 0 1 4 6 7 8 10 12 16 21 26 31 37 45 51 57 77 90 114
Stack now 0 1 4 6 7 8 10 12 16 21 26 31 37 45 51 57 77 90 114
Stack now 0 1 4 6 7 8 10 12 16 21 26 31 37 45 51 57 77 90 114 147
Stack now 0 1 4 6 7 8 10 12 16 21 26 31 37 45 51 57 77 90 114 147 176 192
Stack now 0 1 4 6 7 8 10 12 16 21 26 31 37 45 51 57 77 90
Stack now 0 1 4 6 7 8 10 12 16 21 26 31 37 45 51 57 77 90 113
Stack now 0 1 4 6 7 8 10 12 16 21 26 31 37 45 51 57
Stack now 0 1 4 6 7 8 10 12 16 21 26 31 37 45 51 57 79 92
Stack now 0 1 4 6 7 8 10 12 16 21 26 31 37 45 51 57 79 92 16
Stack now 0 1 4 6 7 8 10 12 16 21 26 31 37 45 51 57 79 92 16 21 24
Stack now 0 1 4 6 7 8 10 12 16 21 26 31 37 45 51 57 79 92 16 21 24
Stack now 0 1 4 6 7 8 10 12 16 21 26 31 37 45 51 57 79 92 16 21 24 25 30
Stack now 0 1 4 6 7 8 10 12 16 21 26 31 37 45 51 57 79 92 16 21 24
Stack now 0 1 4 6 7 8 10 12 16 21 26 31 37 45 51 57 79 92 16 21
Stack now 0 1 4 6 7 8 10 12 16 21 26 31 37 45 51 57 79 92 16 21 26
Stack now 0 1 4 6 7 8 10 12 16 21 26 31 37 45 51 57 79 92 16 21 26 31
Stack now 0 1 4 6 7 8 10 12 16 21 26 31 37 45 51 57 79 92 16 21 26 31 38 46
Stack now 0 1 4 6 7 8 10 12 16 21 26 31 37 45 51 57 79 92 16 21 26 31 38 46 53
Stack now 0 1 4 6 7 8 10 12 16 21 26 31 37 45 51 57 79 92 16 21 26 31 38 46 53
Stack now 0 1 4 6 7 8 10 12 16 21 26 31 37 45 51 57 79 92 16 21 26 31 38 46 53 74
Stack now 0 1 4 6 7 8 10 12 16 21 26 31 37 45 51 57 79 92 16 21 26 31 38 46 53 74 87 109
Stack now 0 1 4 6 7 8 10 12 16 21 26 31 37 45 51 57 79 92 16 21 26 31 38 46 53 74 87 109
Stack now 0 1 4 6 7 8 10 12 16 21 26 31 37 45 51 57 79 92 16 21 26 31 38 46 53 74 87 109 100 134
Stack now 0 1 4 6 7 8 10 12 16 21 26 31 37 45 51 57 79 92 16 21 26 31 38 46 53 74 87 109 100 134
Stack now 0 1 4 6 7 8 10 12 16 21 26 31 37 45 51 57 79 92 16 21 26 31 38 46 53 74 87 109 100 134
Stack now 0 1 4 6 7 8 10 12 16 21 26 31 37 45 51 57 79 92 16 21 26 31 38 46 53 74 87 109 100
Stack now 0 1 4 6 7 8 10 12 16 21 26 31 37 45 51 57 79 92 16 21 26 31 38 46 53 74 87 109
Stack now 0 1 4 6 7 8 10 12 16 21 26 31 37 45 51 57 79 92 16 21 26 31 38 46 53 74 87 109
Stack now 0 1 4 6 7 8 10 12 16 21 26 31 37 45 51 57 79 92 16 21 26 31 38 46 53 74 87 109
Stack now 0 1 4 6 7 8 10 12 16 21 26 31 37 45 51 57 79 92 16 21 26 31 38 46 53
Stack now 0 1 4 6 7 8 10 12 16 21 26 31 37 45 51 57 79 92 16 21 26 31 38 46 53
Stack now 0 1 4 6 7 8 10 12 16 21 26 31 37 45 51 57 79 92 16 21 26 31 38 46 53
Stack now 0 1 4 6 7 8 10 12 16 21 26 31 37 45 51 57 79 92 16 21 26 31 38 46 53
Stack now 0 1 4 6 7 8 10 12 16 21 26 31 37 45 51 57 79 92 16 21 26 31 38 46 53 62 84
Stack now 0 1 4 6 7 8 10 12 16 21 26 31 37 45 51 57 79 92 16 21 26 31 38 46 53 62 84
Stack now 0 1 4 6 7 8 10 12 16 21 26 31 37 45 51 57 79 92 16 21 26 31 38 46 53 62 84 74
Stack now 0 1 4 6 7 8 10 12 16 21 26 31 37 45 51 57 79 92 16 21 26 31 38 46 53 62 84 74 87 109
Stack now 0 1 4 6 7 8 10 12 16 21 26 31 37 45 51 57 79 92 16 21 26 31 38 46 53 62 84 74 87 109
Stack now 0 1 4 6 7 8 10 12 16 21 26 31 37 45 51 57 79 92 16 21 26 31 38 46 53 62 84 74 87 109 100 134
Stack now 0 1 4 6 7 8 10 12 16 21 26 31 37 45 51 57 79 92 16 21 26 31 38 46 53 62 84 74 87 109 100 134
Stack now 0 1 4 6 7 8 10 12 16 21 26 31 37 45 51 57 79 92 16 21 26 31 38 46 53 62 84 74 87 109 100 134
Stack now 0 1 4 6 7 8 10 12 16 21 26 31 37 45 51 57 79 92 16 21 26 31 38 46 53 62 84 74 87 109 100
Stack now 0 1 4 6 7 8 10 12 16 21 26 31 37 45 51 57 79 92 16 21 26 31 38 46 53 62 84 74 87 109
Stack now 0 1 4 6 7 8 10 12 16 21 26 31 37 45 51 57 79 92 16 21 26 31 38 46 53 62 84 74 87 109
Stack now 0 1 4 6 7 8 10 12 16 21 26 31 37 45 51 57 79 92 16 21 26 31 38 46 53 62 84 74 87 109
Stack now 0 1 4 6 7 8 10 12 16 21 26 31 37 45 51 57 79 92 16 21 26 31 38 46 53 62 84
Stack now 0 1 4 6 7 8 10 12 16 21 26 31 37 45 51 57 79 92 16 21 26 31 38 46 53 62 84
Stack now 0 1 4 6 7 8 10 12 16 21 26 31 37 45 51 57 79 92 16 21 26 31 38 46 53 62 84
Stack now 0 1 4 6 7 8 10 12 16 21 26 31 37 45 51 57 79 92 16 21 26 31 38 46 53
Stack now 0 1 4 6 7 8 10 12 16 21 26 31 37 45 51 57 79 92 16 21 26 31 38 46 53 62 84
Stack now 0 1 4 6 7 8 10 12 16 21 26 31 37 45 51 57 79 92 16 21 26 31 38 46 53 62 84
Stack now 0 1 4 6 7 8 10 12 16 21 26 31 37 45 51 57 79 92 16 21 26 31 38 46 53 62 84 74
Stack now 0 1 4 6 7 8 10 12 16 21 26 31 37 45 51 57 79 92 16 21 26 31 38 46 53 62 84 74 87 109
Stack now 0 1 4 6 7 8 10 12 16 21 26 31 37 45 51 57 79 92 16 21 26 31 38 46 53 62 84 74 87 109
Stack now 0 1 4 6 7 8 10 12 16 21 26 31 37 45 51 57 79 92 16 21 26 31 38 46 53 62 84 74 87 109
Stack now 0 1 4 6 7 8 10 12 16 21 26 31 37 45 51 57 79 92 16 21 26 31 38 46 53 62 84 74 87 109
Stack now 0 1 4 6 7 8 10 12 16 21 26 31 37 45 51 57 79 92 16 21 26 31 38 46 53 62 84 74 87 109 99 130
Stack now 0 1 4 6 7 8 10 12 16 21 26 31 37 45 51 57 79 92 16 21 26 31 38 46 53 62 84 74 87 109 99 130
Stack now 0 1 4 6 7 8 10 12 16 21 26 31 37 45 51 57 79 92 16 21 26 31 38 46 53 62 84 74 87 109 99 130
Stack now 0 1 4 6 7 8 10 12 16 21 26 31 37 45 51 57 79 92 16 21 26 31 38 46 53 62 84 74 87 109 99
Stack now 0 1 4 6 7 8 10 12 16 21 26 31 37 45 51 57 79 92 16 21 26 31 38 46 53 62 84 74 87 109
Stack now 0 1 4 6 7 8 10 12 16 21 26 31 37 45 51 57 79 92 16 21 26 31 38 46 53 62 84 74 87 109
Stack now 0 1 4 6 7 8 10 12 16 21 26 31 37 45 51 57 79 92 16 21 26 31 38 46 53 62 84
Stack now 0 1 4 6 7 8 10 12 16 21 26 31 37 45 51 57 79 92 16 21 26 31 38 46 53 62 84
Stack now 0 1 4 6 7 8 10 12 16 21 26 31 37 45 51 57 79 92 16 21 26 31 38 46 53 62 84
Stack now 0 1 4 6 7 8 10 12 16 21 26 31 37 45 51 57 79 92 16 21 26 31 38 46 53
Stack now 0 1 4 6 7 8 10 12 16 21 26 31 37 45 51 57 79 92 16 21 26 31 38
Stack now 0 1 4 6 7 8 10 12 16 21 26 31 37 45 51 57 79 92
Stack now 0 1 4 6 7 8 10 12 16 21 26 31
Stack now 0 1 4 6 7 8 10 12 16 21 26 31
Stack now 0 1 4 6 7 8 10 12 16 21 26 31
Stack now 0 1 4 6 7 8 10 12 16 21 26 31
Stack now 0 1 4 6 7 8 10 12 16 21 26 31 38 46
Stack now 0 1 4 6 7 8 10 12 16 21 26 31 38 46 53
Stack now 0 1 4 6 7 8 10 12 16 21 26 31 38 46 53
Stack now 0 1 4 6 7 8 10 12 16 21 26 31 38 46 53 74
Stack now 0 1 4 6 7 8 10 12 16 21 26 31 38 46 53 74 87 109
Stack now 0 1 4 6 7 8 10 12 16 21 26 31 38 46 53 74 87 109
Stack now 0 1 4 6 7 8 10 12 16 21 26 31 38 46 53 74 87 109
Stack now 0 1 4 6 7 8 10 12 16 21 26 31 38 46 53 74 87 109
Stack now 0 1 4 6 7 8 10 12 16 21 26 31 38 46 53 74 87 109
Stack now 0 1 4 6 7 8 10 12 16 21 26 31 38 46 53
Stack now 0 1 4 6 7 8 10 12 16 21 26 31 38 46 53
Stack now 0 1 4 6 7 8 10 12 16 21 26 31 38 46 53
Stack now 0 1 4 6 7 8 10 12 16 21 26 31 38 46 53
Stack now 0 1 4 6 7 8 10 12 16 21 26 31 38 46 53 62 84
Stack now 0 1 4 6 7 8 10 12 16 21 26 31 38 46 53 62 84
Stack now 0 1 4 6 7 8 10 12 16 21 26 31 38 46 53 62 84 74
Stack now 0 1 4 6 7 8 10 12 16 21 26 31 38 46 53 62 84 74 87 109
Stack now 0 1 4 6 7 8 10 12 16 21 26 31 38 46 53 62 84 74 87 109
Stack now 0 1 4 6 7 8 10 12 16 21 26 31 38 46 53 62 84 74 87 109
Stack now 0 1 4 6 7 8 10 12 16 21 26 31 38 46 53 62 84 74 87 109
Stack now 0 1 4 6 7 8 10 12 16 21 26 31 38 46 53 62 84 74 87 109
Stack now 0 1 4 6 7 8 10 12 16 21 26 31 38 46 53 62 84
Stack now 0 1 4 6 7 8 10 12 16 21 26 31 38 46 53 62 84
Stack now 0 1 4 6 7 8 10 12 16 21 26 31 38 46 53 62 84
Stack now 0 1 4 6 7 8 10 12 16 21 26 31 38 46 53
Stack now 0 1 4 6 7 8 10 12 16 21 26 31 38 46 53 62 84
Stack now 0 1 4 6 7 8 10 12 16 21 26 31 38 46 53 62 84 76
Stack now 0 1 4 6 7 8 10 12 16 21 26 31 38 46 53 62 84 76 89 111
Stack now 0 1 4 6 7 8 10 12 16 21 26 31 38 46 53 62 84 76 89 111
Stack now 0 1 4 6 7 8 10 12 16 21 26 31 38 46 53 62 84 76 89 111
Stack now 0 1 4 6 7 8 10 12 16 21 26 31 38 46 53 62 84 76 89 111
Stack now 0 1 4 6 7 8 10 12 16 21 26 31 38 46 53 62 84 76 89 111
Stack now 0 1 4 6 7 8 10 12 16 21 26 31 38 46 53 62 84 76 89 111
Stack now 0 1 4 6 7 8 10 12 16 21 26 31 38 46 53 62 84 76 89 111
Stack now 0 1 4 6 7 8 10 12 16 21 26 31 38 46 53 62 84 76 89 111 143
Stack now 0 1 4 6 7 8 10 12 16 21 26 31 38 46 53 62 84
Stack now 0 1 4 6 7 8 10 12 16 21 26 31 38 46 53 62 84
Stack now 0 1 4 6 7 8 10 12 16 21 26 31 38 46 53 62 84
Stack now 0 1 4 6 7 8 10 12 16 21 26 31 38 46 53
Stack now 0 1 4 6 7 8 10 12 16 21 26 31 38 46 53 62 84
Stack now 0 1 4 6 7 8 10 12 16 21 26 31 38 46 53 62 84 70 86 108
Stack now 0 1 4 6 7 8 10 12 16 21 26 31 38 46 53 62 84 70 86 108
Stack now 0 1 4 6 7 8 10 12 16 21 26 31 38 46 53 62 84 70 86 108
Stack now 0 1 4 6 7 8 10 12 16 21 26 31 38 46 53 62 84 70 86 108
Stack now 0 1 4 6 7 8 10 12 16 21 26 31 38 46 53 62 84 70 86 108
Stack now 0 1 4 6 7 8 10 12 16 21 26 31 38 46 53 62 84 70 86 108
Stack now 0 1 4 6 7 8 10 12 16 21 26 31 38 46 53 62 84 70 86 108
Stack now 0 1 4 6 7 8 10 12 16 21 26 31 38 46 53 62 84 70 86 108 141 169
Stack now 0 1 4 6 7 8 10 12 16 21 26 31 38 46 53 62 84 70 86 108 141 169
Stack now 0 1 4 6 7 8 10 12 16 21 26 31 38 46 53 62 84 70 86 108 141 169
Stack now 0 1 4 6 7 8 10 12 16 21 26 31 38 46 53 62 84 70 86 108 141 169
Stack now 0 1 4 6 7 8 10 12 16 21 26 31 38 46 53 62 84 70 86 108 141 169
Stack now 0 1 4 6 7 8 10 12 16 21 26 31 38 46 53 62 84 70 86 108 141 169
Stack now 0 1 4 6 7 8 10 12 16 21 26 31 38 46 53 62 84 70 86 108
Stack now 0 1 4 6 7 8 10 12 16 21 26 31 38 46 53 62 84
Stack now 0 1 4 6 7 8 10 12 16 21 26 31 38 46 53 62 84
Stack now 0 1 4 6 7 8 10 12 16 21 26 31 38 46 53 62 84
Stack now 0 1 4 6 7 8 10 12 16 21 26 31 38 46 53
Stack now 0 1 4 6 7 8 10 12 16 21 26 31 38 46 53 62 84
Stack now 0 1 4 6 7 8 10 12 16 21 26 31 38 46 53 62 84 76
Stack now 0 1 4 6 7 8 10 12 16 21 26 31 38 46 53 62 84 76 89 111
Stack now 0 1 4 6 7 8 10 12 16 21 26 31 38 46 53 62 84 76 89 111
Stack now 0 1 4 6 7 8 10 12 16 21 26 31 38 46 53 62 84 76 89 111
Stack now 0 1 4 6 7 8 10 12 16 21 26 31 38 46 53 62 84 76 89 111
Stack now 0 1 4 6 7 8 10 12 16 21 26 31 38 46 53 62 84 76 89 111
Stack now 0 1 4 6 7 8 10 12 16 21 26 31 38 46 53 62 84 76 89 111
Stack now 0 1 4 6 7 8 10 12 16 21 26 31 38 46 53 62 84 76 89 111
Stack now 0 1 4 6 7 8 10 12 16 21 26 31 38 46 53 62 84 76 89 111 143
Stack now 0 1 4 6 7 8 10 12 16 21 26 31 38 46 53 62 84
Stack now 0 1 4 6 7 8 10 12 16 21 26 31 38 46 53 62 84
Stack now 0 1 4 6 7 8 10 12 16 21 26 31 38 46 53 62 84
Stack now 0 1 4 6 7 8 10 12 16 21 26 31 38 46 53
Stack now 0 1 4 6 7 8 10 12 16 21 26 31 38 46 53 62 84
Stack now 0 1 4 6 7 8 10 12 16 21 26 31 38 46 53 62 84 70 86 108
Stack now 0 1 4 6 7 8 10 12 16 21 26 31 38 46 53 62 84 70 86 108
Stack now 0 1 4 6 7 8 10 12 16 21 26 31 38 46 53 62 84 70 86 108
Stack now 0 1 4 6 7 8 10 12 16 21 26 31 38 46 53 62 84 70 86 108
Stack now 0 1 4 6 7 8 10 12 16 21 26 31 38 46 53 62 84 70 86 108
Stack now 0 1 4 6 7 8 10 12 16 21 26 31 38 46 53 62 84 70 86 108
Stack now 0 1 4 6 7 8 10 12 16 21 26 31 38 46 53 62 84 70 86 108
Stack now 0 1 4 6 7 8 10 12 16 21 26 31 38 46 53 62 84 70 86 108 141 169
Stack now 0 1 4 6 7 8 10 12 16 21 26 31 38 46 53 62 84 70 86 108 141 169
Stack now 0 1 4 6 7 8 10 12 16 21 26 31 38 46 53 62 84 70 86 108 141 169
Stack now 0 1 4 6 7 8 10 12 16 21 26 31 38 46 53 62 84 70 86 108 141 169
Stack now 0 1 4 6 7 8 10 12 16 21 26 31 38 46 53 62 84 70 86 108 141 169
Stack now 0 1 4 6 7 8 10 12 16 21 26 31 38 46 53 62 84 70 86 108 141 169
Stack now 0 1 4 6 7 8 10 12 16 21 26 31 38 46 53 62 84 70 86 108
Stack now 0 1 4 6 7 8 10 12 16 21 26 31 38 46 53 62 84
Stack now 0 1 4 6 7 8 10 12 16 21 26 31 38 46 53 62 84
Stack now 0 1 4 6 7 8 10 12 16 21 26 31 38 46 53 62 84
Stack now 0 1 4 6 7 8 10 12 16 21 26 31 38 46 53
Stack now 0 1 4 6 7 8 10 12 16 21 26 31 38 46 53 62 84
Stack now 0 1 4 6 7 8 10 12 16 21 26 31 38 46 53 62 84 76
Stack now 0 1 4 6 7 8 10 12 16 21 26 31 38 46 53 62 84 76 89 111
Stack now 0 1 4 6 7 8 10 12 16 21 26 31 38 46 53 62 84 76 89 111
Stack now 0 1 4 6 7 8 10 12 16 21 26 31 38 46 53 62 84 76 89 111
Stack now 0 1 4 6 7 8 10 12 16 21 26 31 38 46 53 62 84 76 89 111
Stack now 0 1 4 6 7 8 10 12 16 21 26 31 38 46 53 62 84 76 89 111 99 130
Stack now 0 1 4 6 7 8 10 12 16 21 26 31 38 46 53 62 84 76 89 111 99 130
Stack now 0 1 4 6 7 8 10 12 16 21 26 31 38 46 53 62 84 76 89 111 99 130
Stack now 0 1 4 6 7 8 10 12 16 21 26 31 38 46 53 62 84 76 89 111 99 130
Stack now 0 1 4 6 7 8 10 12 16 21 26 31 38 46 53 62 84 76 89 111 99
Stack now 0 1 4 6 7 8 10 12 16 21 26 31 38 46 53 62 84 76 89 111
Stack now 0 1 4 6 7 8 10 12 16 21 26 31 38 46 53 62 84 76 89 111
Stack now 0 1 4 6 7 8 10 12 16 21 26 31 38 46 53 62 84 76 89 111
Stack now 0 1 4 6 7 8 10 12 16 21 26 31 38 46 53 62 84 76 89 111 143
Stack now 0 1 4 6 7 8 10 12 16 21 26 31 38 46 53 62 84
Stack now 0 1 4 6 7 8 10 12 16 21 26 31 38 46 53 62 84
Stack now 0 1 4 6 7 8 10 12 16 21 26 31 38 46 53 62 84
Stack now 0 1 4 6 7 8 10 12 16 21 26 31 38 46 53
Stack now 0 1 4 6 7 8 10 12 16 21 26 31 38 46 53 62 84
Stack now 0 1 4 6 7 8 10 12 16 21 26 31 38 46 53 62 84 70 86 108
Stack now 0 1 4 6 7 8 10 12 16 21 26 31 38 46 53 62 84 70 86 108
Stack now 0 1 4 6 7 8 10 12 16 21 26 31 38 46 53 62 84 70 86 108
Stack now 0 1 4 6 7 8 10 12 16 21 26 31 38 46 53 62 84 70 86 108
Stack now 0 1 4 6 7 8 10 12 16 21 26 31 38 46 53 62 84 70 86 108
Stack now 0 1 4 6 7 8 10 12 16 21 26 31 38 46 53 62 84 70 86 108
Stack now 0 1 4 6 7 8 10 12 16 21 26 31 38 46 53 62 84 70 86 108
Stack now 0 1 4 6 7 8 10 12 16 21 26 31 38 46 53 62 84 70 86 108 141 169
Stack now 0 1 4 6 7 8 10 12 16 21 26 31 38 46 53 62 84 70 86 108 141 169
Stack now 0 1 4 6 7 8 10 12 16 21 26 31 38 46 53 62 84 70 86 108 141 169
Stack now 0 1 4 6 7 8 10 12 16 21 26 31 38 46 53 62 84 70 86 108 141 169
Stack now 0 1 4 6 7 8 10 12 16 21 26 31 38 46 53 62 84 70 86 108 141 169
Stack now 0 1 4 6 7 8 10 12 16 21 26 31 38 46 53 62 84 70 86 108 141 169
Stack now 0 1 4 6 7 8 10 12 16 21 26 31 38 46 53 62 84 70 86 108
Stack now 0 1 4 6 7 8 10 12 16 21 26 31 38 46 53 62 84
Stack now 0 1 4 6 7 8 10 12 16 21 26 31 38 46 53 62 84
Stack now 0 1 4 6 7 8 10 12 16 21 26 31 38 46 53 62 84
Stack now 0 1 4 6 7 8 10 12 16 21 26 31 38 46 53
Stack now 0 1 4 6 7 8 10 12 16 21 26 31 38 46 53 62 84
Stack now 0 1 4 6 7 8 10 12 16 21 26 31 38 46 53 62 84 76
Stack now 0 1 4 6 7 8 10 12 16 21 26 31 38 46 53 62 84 76 89 111
Stack now 0 1 4 6 7 8 10 12 16 21 26 31 38 46 53 62 84 76 89 111
Stack now 0 1 4 6 7 8 10 12 16 21 26 31 38 46 53 62 84 76 89 111
Stack now 0 1 4 6 7 8 10 12 16 21 26 31 38 46 53 62 84 76 89 111
Stack now 0 1 4 6 7 8 10 12 16 21 26 31 38 46 53 62 84 76 89 111
Stack now 0 1 4 6 7 8 10 12 16 21 26 31 38 46 53 62 84 76 89 111
Stack now 0 1 4 6 7 8 10 12 16 21 26 31 38 46 53 62 84 76 89 111 143
Stack now 0 1 4 6 7 8 10 12 16 21 26 31 38 46 53 62 84
Stack now 0 1 4 6 7 8 10 12 16 21 26 31 38 46 53 62 84
Stack now 0 1 4 6 7 8 10 12 16 21 26 31 38 46 53 62 84
Stack now 0 1 4 6 7 8 10 12 16 21 26 31 38 46 53
Stack now 0 1 4 6 7 8 10 12 16 21 26 31 38 46 53 62 84
Stack now 0 1 4 6 7 8 10 12 16 21 26 31 38 46 53 62 84 70 86 108
Stack now 0 1 4 6 7 8 10 12 16 21 26 31 38 46 53 62 84 70 86 108
Stack now 0 1 4 6 7 8 10 12 16 21 26 31 38 46 53 62 84 70 86 108
Stack now 0 1 4 6 7 8 10 12 16 21 26 31 38 46 53 62 84 70 86 108
Stack now 0 1 4 6 7 8 10 12 16 21 26 31 38 46 53 62 84 70 86 108
Stack now 0 1 4 6 7 8 10 12 16 21 26 31 38 46 53 62 84 70 86 108
Stack now 0 1 4 6 7 8 10 12 16 21 26 31 38 46 53 62 84 70 86 108
Stack now 0 1 4 6 7 8 10 12 16 21 26 31 38 46 53 62 84 70 86 108 141 169
Stack now 0 1 4 6 7 8 10 12 16 21 26 31 38 46 53 62 84 70 86 108 141 169
Stack now 0 1 4 6 7 8 10 12 16 21 26 31 38 46 53 62 84 70 86 108 141 169
Stack now 0 1 4 6 7 8 10 12 16 21 26 31 38 46 53 62 84 70 86 108 141 169
Stack now 0 1 4 6 7 8 10 12 16 21 26 31 38 46 53 62 84 70 86 108 141 169
Stack now 0 1 4 6 7 8 10 12 16 21 26 31 38 46 53 62 84 70 86 108 141 169
Stack now 0 1 4 6 7 8 10 12 16 21 26 31 38 46 53 62 84 70 86 108
Stack now 0 1 4 6 7 8 10 12 16 21 26 31 38 46 53 62 84
Stack now 0 1 4 6 7 8 10 12 16 21 26 31 38 46 53 62 84
Stack now 0 1 4 6 7 8 10 12 16 21 26 31 38 46 53 62 84
Stack now 0 1 4 6 7 8 10 12 16 21 26 31 38 46 53
Stack now 0 1 4 6 7 8 10 12 16 21 26 31 38
Stack now 0 1 4 6 7 8 10 12
Stack now 0
Stack now 0 2 5
